4, -65, 37, -62, 19, 2, 
4, -51, 85, -53, 11, 2, 
3, -76, 59, -92, -57, -90, -99, 3, 
3, -51, 85, -65, 37, -62, 19, -53, 11, 4, 
4, -25, 39, -31, -98, 2, 
4, -18, 51, -17, -70, 2, 
4, -11, 88, -16, 73, 2, 
4, -2, 55, -5, -83, 2, 
3, -18, 51, -25, 39, -31, -98, -17, -70, 4, 
3, -2, 55, -11, 88, -16, 73, -5, -83, 4, 
2, -53, 11, -51, 85, -76, 59, -92, -57, -90, -99, 5, 
2, -2, 55, -11, 88, -16, 73, -25, 39, -31, -98, -5, -83, 6, 
4, 32, 16, 34, -15, 2, 
4, 39, 96, 36, -86, 2, 
3, 22, -68, 4, -84, 29, -81, 3, 
3, 39, 96, 32, 16, 36, -86, 3, 
4, 40, 76, 45, -88, 2, 
4, 57, 79, 53, 3, 2, 
4, 68, -39, 65, -63, 2, 
4, 75, 62, 91, -1, 2, 
3, 57, 79, 40, 76, 45, -88, 53, 3, 4, 
3, 75, 62, 65, -63, 91, -1, 3, 
2, 39, 96, 4, -84, 36, -86, 3, 
2, 75, 62, 57, 79, 40, 76, 45, -88, 65, -63, 91, -1, 6, 
1, -2, 55, -11, 88, -51, 85, -76, 59, -92, -57, -90, -99, -31, -98, -5, -83, 8, 
1, 75, 62, 57, 79, 39, 96, 4, -84, 45, -88, 65, -63, 91, -1, 7, 
0, 91, -1, 75, 62, 57, 79, 39, 96, -51, 85, -76, 59, -92, -57, -90, -99, -31, -98, 45, -88, 65, -63, 11, 
